8
   7.802913216223e-6    -8.378761637628e-8    -6.646782303306e-6    -2.181076906734e-5    -1.388053650750e-5     2.765075811348e-4     3.700428000811e-3     1.940823424238e-2     1.093077736883e-2  
   8.378761637628e-8    3.243273915046e-52     1.369786434121e-6    -6.990601359261e-6    -8.210456887450e-8    -6.835859847314e-5     2.071117369072e-4    -1.656622551196e-4    -3.028155512706e-3  
   6.646782303306e-6    -1.369786434121e-6    2.814298988676e-52     4.608504519767e-6     2.116380107387e-6     7.713835005798e-5    -1.149846808700e-3    -1.413181879500e-3     3.629708682514e-3  
   2.181076906734e-5     6.990601359261e-6    -4.608504519767e-6    2.912702245193e-52     9.110568315207e-6    -3.743797506174e-4    -4.376073285471e-4    -1.834932394424e-2    -1.459238630534e-4  
   1.388053650750e-5     8.210456887450e-8    -2.116380107387e-6    -9.110568315207e-6    3.636937688694e-52     9.090325741242e-6     1.411958612900e-5    -2.229082759040e-5    -8.476096685266e-2  
  -2.796413530033e-4     6.835859847314e-5    -7.713835005798e-5     3.743797506174e-4    -9.090325741242e-6     4.418676700240e-4    -1.791255609184e-3     6.107496758225e-3    -3.593669891934e-3  
  -3.707600751686e-3    -2.071117369072e-4     1.149846808700e-3     4.376073285471e-4    -1.411958612900e-5     1.791255609184e-3     8.596203933500e-3     1.380482504709e-3     7.221912158512e-4  
  -1.962509776795e-2     1.656622551196e-4     1.413181879500e-3     1.834932394424e-2     2.229082759040e-5    -6.107496758225e-3    -1.380482504709e-3     5.633054927065e-2    -2.030756099668e-5  
  -1.097902762041e-2     3.028155512706e-3    -3.629708682514e-3     1.459238630534e-4     8.476096685266e-2     3.593669891934e-3    -7.221912158512e-4     2.030756099668e-5     3.841932085974e-1  
Abin will not try to read below this line, the following is just for future reference to know, 
where we got the parameters and what is the temperature...
Matrix C must be in a separate file GLE-C 


# Generated at http://gle4md.berlios.de
# Please cite:
# M. Ceriotti, D.E. Manolopoulos and M. Parrinello, J. Chem. Phys. 134, 084104 (2011)
# M. Ceriotti, G. Bussi and M. Parrinello, J. Chem. Theory Comput. 6, 1170 (2010) 
# M. Ceriotti, G. Bussi and M. Parrinello, Phys. Rev. Lett. 103, 030603 (2009)
# PI+GLE parameters. Accelerate convergence of path integral dynamics.
# Use for simulations with 1 beads, using a RPMD (physical masses) representation
# of the path.
# The parameters were picked from
# library/pigle/pigle-1_50_8.[ac], 
# and shifted so that correspond to quantum fluctuations at 
# T=200 K
# and that they span a range up to 
# ωmax=6948.9662457024 cm^-1
# Raw matrix format. 
# A MATRIX: (atomic time units^-1)
   7.802913216223e-6    -8.378761637628e-8    -6.646782303306e-6    -2.181076906734e-5    -1.388053650750e-5     2.765075811348e-4     3.700428000811e-3     1.940823424238e-2     1.093077736883e-2  
   8.378761637628e-8    3.243273915046e-52     1.369786434121e-6    -6.990601359261e-6    -8.210456887450e-8    -6.835859847314e-5     2.071117369072e-4    -1.656622551196e-4    -3.028155512706e-3  
   6.646782303306e-6    -1.369786434121e-6    2.814298988676e-52     4.608504519767e-6     2.116380107387e-6     7.713835005798e-5    -1.149846808700e-3    -1.413181879500e-3     3.629708682514e-3  
   2.181076906734e-5     6.990601359261e-6    -4.608504519767e-6    2.912702245193e-52     9.110568315207e-6    -3.743797506174e-4    -4.376073285471e-4    -1.834932394424e-2    -1.459238630534e-4  
   1.388053650750e-5     8.210456887450e-8    -2.116380107387e-6    -9.110568315207e-6    3.636937688694e-52     9.090325741242e-6     1.411958612900e-5    -2.229082759040e-5    -8.476096685266e-2  
  -2.796413530033e-4     6.835859847314e-5    -7.713835005798e-5     3.743797506174e-4    -9.090325741242e-6     4.418676700240e-4    -1.791255609184e-3     6.107496758225e-3    -3.593669891934e-3  
  -3.707600751686e-3    -2.071117369072e-4     1.149846808700e-3     4.376073285471e-4    -1.411958612900e-5     1.791255609184e-3     8.596203933500e-3     1.380482504709e-3     7.221912158512e-4  
  -1.962509776795e-2     1.656622551196e-4     1.413181879500e-3     1.834932394424e-2     2.229082759040e-5    -6.107496758225e-3    -1.380482504709e-3     5.633054927065e-2    -2.030756099668e-5  
  -1.097902762041e-2     3.028155512706e-3    -3.629708682514e-3     1.459238630534e-4     8.476096685266e-2     3.593669891934e-3    -7.221912158512e-4     2.030756099668e-5     3.841932085974e-1  
# C MATRIX: (eV)
   1.608262119215e-1    -4.075689560590e-2     4.888561688020e-2     3.365813369393e-3    -1.145433114516e+0    -5.062915626051e-2     1.988934107148e-2     3.024144000615e-2    -6.066937058760e-2  
  -4.075689560590e-2     3.143340152524e-2    -1.812240888152e-2    -6.939996906374e-3     3.925585092549e-1     1.740378294431e-2    -7.440722531403e-3    -7.884947040400e-3    -4.743732427731e-4  
   4.888561688020e-2    -1.812240888152e-2     4.080212250310e-2     1.063528718069e-2    -4.994020047040e-1    -2.186446471741e-2     9.498342969533e-3     9.091540779073e-3     7.194623323044e-3  
   3.365813369393e-3    -6.939996906374e-3     1.063528718069e-2     3.392411675258e-2    -1.899124979555e-1    -1.114282276902e-2     6.421769200688e-3    -4.060077275155e-4     4.835821354222e-2  
  -1.145433114516e+0     3.925585092549e-1    -4.994020047040e-1    -1.899124979555e-1     1.094490107205e+1     4.902227212429e-1    -2.098628639599e-1    -2.240452791355e-1    -7.778595950573e-5  
  -5.062915626051e-2     1.740378294431e-2    -2.186446471741e-2    -1.114282276902e-2     4.902227212429e-1     4.154150620457e-2    -1.072030613281e-2    -1.018078027104e-2    -6.613538547871e-3  
   1.988934107148e-2    -7.440722531403e-3     9.498342969533e-3     6.421769200688e-3    -2.098628639599e-1    -1.072030613281e-2     2.175111736768e-2     4.228933123047e-3     2.499593232146e-2  
   3.024144000615e-2    -7.884947040400e-3     9.091540779073e-3    -4.060077275155e-4    -2.240452791355e-1    -1.018078027104e-2     4.228933123047e-3     3.249697160741e-2     3.860814330227e-2  
  -6.066937058760e-2    -4.743732427731e-4     7.194623323044e-3     4.835821354222e-2    -7.778595950573e-5    -6.613538547871e-3     2.499593232146e-2     3.860814330227e-2     1.115049590047e+1  
